[35.20742357777778, 31.12358192777778]
[36.230991723076926, 31.907223776923082]
[40.4647745375, 35.2995894375]
[40.506490763157885, 35.28097694210526]
[56.40619093103447, 22.339749568965516]
[41.14758081538461, 34.89342339230769]
[53.55022167499999, 39.49682107307693]
[53.62423858113206, 39.387937601886804]
[53.86627243157894, 39.350945705263165]
[72.21897144117646, 49.89792222941176]
[72.90408477368419, 50.231925700000005]
[20.863705001923083, 28.796029124999993]
[72.7035818125, 45.9978370625]
[58.43649791538463, 40.24550862307693]
[60.19243372222222, 39.66241865925926]
[41.074379433333334, 36.16025933333333]
[72.90328569473685, 50.232353768421056]
[72.66891282000002, 50.22925022]
[55.18286294375001, 45.3488864]
[64.64851664000001, 46.544988086666656]
[87.87392602, 44.03687348]
[69.49323768333333, 41.099681249999996]
[36.19709649090909, 31.929925490909092]
[59.97347220000001, 36.22649200740741]
[21.548044155555555, 29.244565511111116]
[109.47777098000002, 39.09583387]
[61.04200162499999, 40.036905524999995]
[60.75297436095891, 40.13074702739726]
[42.13107443214286, 36.95739275]
[48.96463074166667, 31.23181755]
[52.04265888, 28.646362529999994]
[45.82309934062499, 15.556700025]
[46.04698731428571, 15.58537541904762]
[69.53988259285714, 41.62516266428572]
[36.210750904545456, 31.934608400000002]
[61.51982665384616, 36.16367953333333]
[61.57781772857142, 36.20632325714286]
[61.919062716666666, 35.974318724999996]
[61.94901462857143, 35.83315106428572]
[53.899097978260876, 37.92504541304348]
[53.87219657083333, 37.902429795833335]
[53.90914368888889, 37.89166801111111]
[53.92631652500002, 37.761891528571425]
[36.42786054736842, 33.3487028236842]
[-104.08647166499998, 32.372042164999996]
[-104.0548323875, 32.2446175375]
[60.490472081250005, 37.3368925875]
[61.65104376363636, 36.62006424999999]
[61.45932699523809, 36.46685305714286]
[61.54377756666666, 36.418120977777775]
[61.56086392, 36.367139073333334]
[61.715250632679755, 36.44048365032679]
[61.57419155000001, 36.395305803125]
[61.6264831, 36.48668328333333]
[61.91892370000001, 36.38055863846154]
[37.4073771, 36.98934574285715]
[0.3169298333333333, 28.119433]
[61.638298875409845, 39.93900365245902]
[62.33435259111113, 39.92711247333333]
[62.58761534074073, 40.039953070370366]
[63.263265, 39.11067216956521]
[64.07091943076924, 39.01426539999999]
[64.09111476363637, 39.00931327272727]
[64.53976982628201, 38.638891044871784]
[64.73280208688521, 38.60904061967215]
[42.826468274999996, 36.9817235]
[43.89983894736842, 36.17745852631578]
[51.54772569230769, 30.064133730769235]
[53.41047051111111, 28.47935492222222]
[28.612807617647057, 29.690702352941173]
[28.432517406666665, 29.51733254666667]
[28.51454899090909, 29.55359147272727]
[28.53697769090909, 29.54913037272727]
[28.61015796428572, 29.595114521428574]
[51.30793380000001, 35.47894415555555]
[60.27229804250002, 27.354425769999995]
[60.68081726060604, 27.255092472727274]
[-114.85671421250001, 36.3803266375]
[36.428294835897425, 33.28888784615385]
[47.59288189999999, 29.05054264666667]
[47.94223275294119, 29.20285257941176]
[49.366500377777776, 27.04840328888889]
[66.01412320000001, 38.26243451111112]
[66.06196017777778, 38.325725122222224]
[65.9840293111111, 38.4965886]
[66.00889258181819, 38.504100436363636]
[66.0008084, 38.519825190909096]
[66.00498358999998, 38.5481248]
[66.019864, 38.54175744285714]
[65.9214391125, 38.542072131249995]
[65.92971568333333, 38.56570819722222]
[65.95062722727273, 38.56157709090908]
[65.8850664, 38.544324236363636]
[65.88104729999999, 38.5225495]
[45.46370521428571, 35.484813165714286]
[47.0122009076923, 35.17684413846153]
[53.276824037837834, 29.726709518918916]
[7.150864808536584, 28.772894464634152]
[46.982514616799996, 24.481487551200015]
[19.896919020000006, 28.17681627999999]
[24.66945240689655, 22.692649455172425]
[1.0935423416666668, 22.965482783333332]
[28.120661426666665, -25.46027334666667]
[29.103314918181812, -26.213667654545453]
[29.12052986153846, -26.257724992307693]
[29.285973316666666, -26.46285225]
[-70.70840385, -34.235994271428574]
[-70.77628122692307, -32.94785238846154]
[-67.07317376666667, -36.36665392222222]
[148.57122217826085, -22.981528917391305]
[148.6946462461538, -22.98001284615384]
[-67.07419796666667, -36.366111688888886]
[-58.593442680769236, -34.51227663461538]
[91.5938821, 24.635890288888888]
[151.07706499523812, -32.686771404761906]
[151.07727157222223, -32.46598381111111]
[100.66263063333332, 13.573081688888886]
[18.793604637499996, 28.122565925]
[-77.11054837333333, -11.924776000000001]
[-77.05761743500001, -11.804508815]
[7.5175608, 28.481903380000006]
[7.249725045, 28.61399124]
[7.6837611, 28.653110311111114]
[55.616920066666665, 22.869643183333338]
[-68.2026535894737, -38.762671615789465]
[-67.82582536363637, -38.05780048181818]
[51.34278731111111, 35.458128438888885]
[-100.31600362, 25.879377094999995]
[94.6859514769231, 26.792469523076925]
[95.29538421222226, 27.300884822222223]
[106.7539540375, 37.168732725]
[108.59452844166668, 37.846737991666664]
[108.3485055, 38.174291611111116]
[61.02434619999999, 37.481154163636354]
[44.14229230714286, 15.481073128571428]
[55.98482482500001, 21.8769961625]
[56.0302367875, 22.154551475]
[-108.29292175, 41.9706422375]
[69.05375823333334, 28.955595722222217]
[80.47474156666665, 38.65826427777778]
[80.4899391125, 38.654280375]
[-90.64508579259257, 34.12437701481481]
[111.104837272, 38.937068184]
[125.25785138636367, 46.103735677272724]
[46.79263271034481, 24.59903615689656]
[59.99677614666667, 36.24314858666667]
[61.05102527999999, 37.494675465]
[28.42879408333333, 29.688714174999998]
[29.431653133333338, 30.744983125]
[-104.48999337142857, 32.085511028571425]
[-104.07123492857143, 32.15088875714286]
[-103.9937696272727, 32.151156381818176]
[-104.0064742933333, 32.21038458]
[-103.78545753076924, 32.325577023076924]
[-104.05429015833333, 32.31126695]
[-104.07501164651163, 32.43932944186045]
[-104.18043453333333, 32.579837733333335]
[-99.90359704285713, 30.412181464285716]
[105.26632987727275, 36.99213435909091]
[80.06177355384617, 38.74594373846155]
[69.71952243076923, 27.04022807692308]
[69.75708135789475, 27.148231152631578]
[71.57490940909092, 25.915235899999995]
[107.16942209200002, 39.481100928000004]
[52.15974919411764, 27.752284894117647]
[-97.99248796363636, 35.263127363636364]
[5.9819865826086955, 31.776859469565224]
[5.991845005555556, 31.74341393333333]
[6.192311169230769, 31.668683161538464]
[6.21214201111111, 31.780888233333332]
[8.092435720000001, 30.262323880000004]
[87.84983949473686, 44.031782199999995]
[36.18366538529411, 31.964410899999994]
[-110.33153119999999, 35.38739720909091]
[-101.1805687090909, 27.816253827272728]
[69.90415956666666, 28.413262788888886]
[69.67931380714285, 28.428849828571426]
[69.81172699999999, 27.966728279999995]
[71.57394954166669, 25.863534861111113]
[38.658005422857144, 34.70435466]
[21.45212925555556, 29.14220404444444]
[21.42214455, 29.182257693750007]
[21.54350911818182, 29.249571554545458]
[-80.65738823636362, 35.33021634090909]
[83.67709150833333, 40.79548880833333]
[61.00618416190476, 40.120355530158726]
[62.78668639285714, 38.56914018571429]
[62.72680842727273, 38.57035139090909]
[63.52660140769231, 37.95670343846154]
[63.49336256, 37.946029810000006]
[63.47671604285715, 37.95192464285714]
[42.13373494615385, 36.9474836]
[44.200842863636375, 35.41391732727273]
[48.99191081818182, 31.237543854545457]
[48.8925929125, 31.266938406249995]
[48.91284344545455, 31.250705318181815]
[49.13596720666666, 31.124907380000003]
[49.32855272857143, 31.126069300000005]
[49.912966690909094, 30.938009677272724]
[49.98972779999999, 30.759403928571427]
[49.9178684122807, 30.32061483157895]
[-73.50277232307693, 9.732124323076924]
[94.30881624666667, 37.30483986]
[94.16195556666666, 37.364256488888884]
[94.16086563030304, 37.349638115151514]
[58.67962364285713, 43.992356192857144]
[45.80373148888889, 15.576510344444443]
[45.77329167586207, 15.546249220689653]
[46.00242957777778, 15.598440666666667]
[46.01697674545455, 15.59265682727273]
[-112.29448803333335, 33.07622147142857]
[-105.7239295111111, 26.943451155555557]
[-100.93582467272728, 22.305298263636363]
[87.87205286818181, 44.038051618181825]
[69.483251575, 42.18251961666667]
[36.18949704166667, 31.923932191666665]
[36.19862461666667, 31.925784825000004]
[35.391312680000006, 37.062931866666666]
[81.30113129090908, 41.80560637272727]
[83.45902713076923, 40.85656295384615]
[61.059155990361454, 39.89025285060241]
[60.934621520000015, 39.99706046666667]
[61.72923248918918, 39.83998352027027]
[62.79314155, 38.57111545833333]
[62.823651166, 38.619612728000014]
[63.54162899428571, 37.99251463142856]
[63.50294650625, 37.956867687499994]
[63.38251686086956, 38.2012382289855]
[63.28733472815534, 38.35118226213593]
[42.920545624999995, 36.445970641666676]
[43.07361158846153, 36.320433407692306]
[94.16986109729731, 37.37248115405404]
[94.29413982222223, 37.309792244444445]
[94.30605086, 37.295784569999995]
[94.29691576981133, 37.27856101509433]
[46.032011366666666, 15.596994693333333]
[45.85009236206896, 15.54482817931034]
[45.795869116666665, 15.578287683333334]
[-3.6411963421052627, 40.25347746842105]
[-110.82531332222221, 32.11869908888888]
[-110.87810158181819, 32.1219251]
[-98.83551515714285, 19.40641054285714]
[-98.81727292962962, 19.33946346296296]
[-99.01937072142857, 19.45788388571429]
[-98.14334568125001, 18.995437006249997]
[99.96650650000001, 14.05025834]
[100.5578969, 13.6202860125]
[100.67019175555555, 13.579287255555556]
[36.106822300000005, 32.49908960434783]
[36.21245154318183, 31.887015172727263]
[80.0060217092593, 38.84840713518519]
[80.08869710555554, 38.87143194074074]
[69.0490588888889, 28.949109033333336]
[-73.49894540625, 9.54957705625]
[-73.50580465000002, 9.73209929]
[-64.40405226, -29.836722410000004]
[141.42462896666666, -32.02300995555556]
[-68.09742838125, -46.654416475000005]
[83.2219583, 26.75552027142857]
[83.48744568333332, 27.770250333333337]
[51.33004482777777, 35.46529795000001]
[51.303311909523806, 35.48249447142856]
[19.146970774999996, 28.1710957]
[19.25380906363636, 28.09713026363636]
[19.923846883333333, 28.197032494444446]
[19.86152025714286, 28.699501300000005]
[5.8796593562499995, 36.80882588125]
[106.75558557857143, 37.17653214285714]
[109.4774335888889, 39.09006212222222]
[61.02217728181817, 37.48046401818182]
[5.97349945, 31.7009616375]
[6.006816638888889, 31.7925161]
[5.9466589700000005, 31.771519639999998]
[10.459822900000002, 35.76544172]
[117.75093786999999, 40.546685440000005]
[36.19404575555555, 31.92813446666667]
[38.86292691578947, 34.863543526315794]
[61.022867399999996, 37.48411178181818]
[64.58067818714287, 39.6142391442857]
[65.12819361, 40.083835750000006]
[5.923691528571429, 31.589484450000004]
[5.945393741666667, 31.759048308333334]
[5.989927107407408, 31.76468149259259]
[5.967830672727271, 31.694547281818178]
[6.2098405466666655, 31.775947879999997]
[72.82036351904762, 21.115269228571428]
[13.350030682352942, 32.596685905882346]
[-108.53386666785714, 28.991125578571427]
[46.89642296857143, 24.591687157142854]
[51.56058832380953, 30.06869007142857]
[51.57820056333333, 30.02513329333333]
[59.984941925, 36.243311250000005]
[29.40395820454545, 30.75394638181818]
[5.969342366666667, 31.698408655555554]
[5.92730125, 31.591986470000002]
[5.857085166666668, 31.468727983333338]
[5.8276389222222225, 31.621351388888886]
[6.148857479999999, 31.622532226666667]
[6.003118912500001, 31.76863904375]
[6.216961857142857, 31.781860814285714]
[35.198883412499995, 31.1319564]
[36.159664485135124, 32.01060022972972]
[40.43375431666667, 35.31378914583333]
[40.368392706250006, 35.35083040625]
[40.43301406470589, 35.39240489411765]
[40.36544053888889, 35.390379494444446]
[40.64231050833333, 35.23972921666667]
[41.0877997, 36.140964849999996]
[41.08465473, 36.167615575]
[55.98505075555556, 21.876890744444445]
[55.966494366666666, 21.889482611111113]
[56.03674358749999, 21.944978587499996]
[56.017968825, 21.941860724999998]
[44.12264381538461, 33.79677896923077]
[44.25033390909091, 33.558644109090906]
[57.36269188999999, 48.239663535]
[35.22411863157895, 31.616598115789472]
[-111.09426066666666, 35.3056406]
[53.562472823529404, 39.50576483235293]
[53.588337841666664, 39.49609636666667]
[53.773844640000014, 39.45552381500001]
[53.671428717821776, 39.46177531683168]
[53.82723645, 39.371239788888886]
[53.783521, 39.36006378181818]
[54.01216357142857, 39.333223264285714]
[108.4469395125, 39.11704193125]
[110.80755189090907, 37.53108884545454]
[110.86423126086956, 37.44547610434783]
[110.87814069999999, 37.42850830909091]
[110.8598169862069, 37.4805456275862]
[110.82879753333333, 37.4990314]
[110.84714305833334, 37.60680010833334]
[110.89351687857143, 37.649475092857145]
[52.81436418, 43.39031544]
[52.8554161090909, 43.29664723636363]
[58.429378487499996, 40.25596745000001]
[60.20947310769231, 39.65860447692308]
[60.23969633, 39.68675886000001]
[61.65239064705885, 38.40661168235295]
[63.51038865, 37.953512610000004]
[-104.75380139999999, 39.85993959230769]
[65.89823605833334, 39.911423883333335]
[32.290018964285714, 29.63310950714286]
[9.74814271, 28.91596052]
[9.754141772727273, 28.92516863636364]
[87.85555519200001, 44.028089304000005]
[69.49616680588235, 41.095797911764706]
[36.24484992857143, 31.927895639285715]
[59.95869334666667, 36.25426435666667]
[69.8127030153846, 27.940500915384614]
[48.889701907692306, 25.598598669230764]
[-101.9269086625, 33.81024615]
[61.03457147391304, 40.05854177391304]
[49.36066837199999, 31.13309509]
[49.862399999999994, 30.70785310357143]
[94.4791702, 37.39977701428571]
[94.26831921428571, 37.30690032857142]
[94.15855585000001, 37.36193693571429]
[55.1920131125, 45.32763766250001]
[51.70639722857144, 33.856132578571426]
[45.77573872250001, 15.527087352499995]
[-1.2910179052631579, 37.986117921052625]
[7.950587700000001, 31.01103854666667]
[-112.28556055833333, 33.07933929166666]
[87.86090240370373, 43.99131189074073]
[99.96469055294119, 14.049463076470591]
[36.22614657837839, 31.90314294054053]
[-90.02243090625001, 38.82244021874999]
[-103.58519576666667, 31.123678306666662]
[107.7281958, 36.40195299285714]
[107.6522639, 36.0835334]
[107.76260820000003, 36.17919224166666]
[108.02520893636364, 36.147902963636355]
[108.04863585, 36.14323545625]
[107.8386261888889, 36.29816711111111]
[107.7943965875, 36.278014150000004]
[80.20417884585636, 38.8760912928177]
[61.57933028947368, 36.201316778947366]
[61.589035162500004, 36.021843162500005]
[61.599452819999996, 35.997083460000006]
[38.400630885714286, 35.126389714285715]
[114.02829136249998, 36.234211915625]
[60.840564498749984, 40.01489765875]
[61.6152167111111, 39.96676171666666]
[43.870672545000005, 36.167561362499995]
[-116.7348946888889, 32.39900317222222]
[-116.95522184999997, 32.37816941]
[50.80579794210527, 35.78633765263157]
[51.32004364444445, 35.46463523333333]
[51.29705174482758, 35.47651032068966]
[-106.03822213571432, 28.707247485714284]
[-71.64168812727274, -16.270330936363635]
[97.87999298076922, 39.78901141153847]
[53.92375236229509, 38.03067408032788]
[54.06789733157895, 37.49131647894736]
[53.98486344499999, 37.74130992333334]
[53.998470705128206, 37.78558737948718]
[53.972905932857145, 37.80370926428572]
[53.945511267692304, 37.94619247692306]
[13.0830489125, 32.2971463]
[13.330063776470592, 32.60335218823529]
[61.50940400568179, 36.35640370113637]
[61.52501632444444, 36.411180408888896]
[61.53800449315069, 36.451064293150694]
[61.51575833548387, 36.56311473225807]
[61.79516075170068, 36.58514827619047]
[61.69237477692308, 36.469755892307695]
[61.704951885714294, 36.612261746428565]
[61.61151359285714, 36.59506522142857]
[61.60082871875, 36.19955985625]
[61.87760851764706, 36.296497879411774]
[61.936204885380164, 36.47887957251461]
[62.49411839333334, 36.0999269]
[47.531702579999994, 29.077592300000003]
[51.56192106666666, 30.0455448846154]
[52.736716484000006, 29.420974216]
[28.547832210000003, 29.551185930000003]
[28.624637346153847, 29.605571861538465]
[28.828663988235288, 29.56008811176471]
[28.638985661538467, 29.71289218461538]
[-118.64555778181821, 34.45051800909091]
[67.42579546304347, 27.067959013043478]
[67.51992168524589, 26.97038403114754]
[68.66888975161291, 25.784721664516134]
[18.80029894, 28.132615300000005]
[-47.2199310025, -22.799994767500003]
[-46.79608007073171, -23.385278229268295]
[-46.42682544594596, -23.666355194594587]
[-46.55679417666668, -23.41638208666666]
[5.9434443, 31.76621352857143]
[5.990263491666667, 31.772694499999997]
[5.899816111111111, 31.800348355555556]
[7.603006781818183, 28.637883981818185]
[80.06110618461538, 38.7474452923077]
[83.44501250769233, 40.866072884615384]
[21.562207268, 29.249129884]
[21.638227281818182, 29.33499783181818]
[21.377150525, 29.27770191666666]
[109.63761130000002, 38.13178386363637]
[51.55944292400002, 30.054366863999995]
[60.96355865, 37.421085470833326]
[61.021487152631586, 37.46800046842105]
[-78.3660204090909, 39.00359518484848]
[36.237621386486474, 31.944894835135134]
[40.69990763888888, 35.049917722222226]
[44.49116083928572, 33.474885025]
[54.27804679859153, 39.99227252535212]
[86.55102656363636, 42.017224945454544]
[47.35945080500001, 30.26433014500001]
[47.34760301875, 30.34992154375]
[51.951104984615384, 28.98767703846154]
[52.70418253888889, 29.426363999999996]
[65.90296931875, 39.91954606875]
[28.6258459075, 29.57078763750001]
[28.540403633333337, 29.548727800000005]
[28.82352292727273, 29.562587599999997]
[46.001355397560985, 15.570253365853656]
[-104.1876161066667, 31.796643096666678]
[-104.30419156874999, 31.818354993750003]
[-103.22044198333333, 32.30926368888888]
[-102.95721822499999, 33.06467645]
[53.5650709630435, 39.46583919608697]
[53.71357947540985, 39.38118862295082]
[53.792144041379316, 39.36932847931035]
[53.82624931153847, 39.37693555384617]
[54.00904914705882, 39.341165376470585]
[53.76153594, 39.52067305]
[67.44640030000001, 26.317799189999995]
[69.81518179523812, 27.99095833333333]
[49.11469756086955, 31.3227986826087]
[57.332902605882346, 48.24028549999999]
[1.849333145, 30.899311535000002]
[52.053833573913046, 28.631792973913043]
[52.42836691666667, 28.684635108333328]
[61.57549215166666, 36.338147717222235]
[61.66572447040002, 36.32124741520001]
[61.83394513571428, 36.27712332857143]
[61.870105699999996, 36.30100972272727]
[61.91899042, 36.382589096000004]
[61.81443967692307, 36.42727403846154]
[61.83435626923079, 36.472769446153855]
[61.739869156140365, 36.44213459824562]
[61.91666521029416, 36.52297298725492]
[61.651963653225806, 36.54794971612904]
[61.633236671794876, 36.53089607948718]
[61.636188320720706, 36.47637108918919]
[61.52410056166665, 36.53379424000001]
[65.29905106666666, 39.168890659999995]
[55.1937829, 45.32929072777778]
[6.524201138095239, 29.4871586]
[6.9565128099999995, 29.64775755]
[6.755972888235293, 29.62939818235294]
[55.44802177894737, 25.285890731578952]
[55.8032785875, 25.64188603125]
[-103.2021607756757, 31.310394856756755]
[-103.22963583, 31.315447889999994]
[-103.361723675, 31.34573155]
[-103.32041541818181, 31.409480854545453]
[-103.64013542727274, 31.607888663636366]
[-103.49194987222224, 31.77519477777778]
[-103.51442238333333, 31.76118710555555]
[-103.08629313695654, 31.979006113043475]
[-102.523793675, 32.019681416666664]
[-102.51334666, 32.03189969]
[-102.61073162857143, 32.02392891428571]
[-102.47551857272728, 32.142480645454555]
[-102.50473453793103, 32.17607185172413]
[-102.44681474000001, 32.27736837]
[-101.95850932884618, 32.251009611538464]
[-101.90173797727272, 32.24828991818182]
[-101.77302758333333, 32.270509149999995]
[-101.71113935263156, 32.34630038947368]
[87.88120336842105, 44.03791799473685]
[17.329149800000003, 28.58199953]
[-114.86307792222222, 36.38070696666667]
[-108.77667450999999, 40.042463420000004]
[74.41308117142856, 31.61845515714285]
[49.92766107439024, 30.316048545121948]
[49.862582886111106, 30.431798650000005]
[49.906021744444445, 30.616052277777776]
[49.9884218, 30.812353708000003]
[49.70592071428572, 30.74808159523809]
[49.933884214925364, 30.95431455074627]
[49.82868176923077, 30.96811875384615]
[49.87535548, 31.127618540000004]
[49.690829569230765, 30.92665881923077]
[-109.71798183846155, 35.5702964]
[62.34394064285714, 36.09973581428572]
[66.02510557619046, 38.270137685714275]
[36.66877409375, 34.18716553749999]
[94.27282626842106, 37.31827294210525]
[58.658618577777766, 44.06528645555556]
[-111.19047680886078, 41.35275112658227]
[-111.0797874409091, 41.25087786818182]
[58.43187501666666, 40.22667786000001]
[61.610661509523794, 36.590404609523816]
[61.5792870032258, 36.52456375483872]
[61.659507138461535, 36.49221683461539]
[61.458345838888896, 36.46297567222223]
[61.36908833333334, 36.38299636666667]
[61.48204913333331, 36.41056416666667]
[61.48961458333333, 36.42577248888888]
[61.54935051, 36.4160123]
[61.583673839999996, 36.408421059999995]
[61.2916023923077, 40.79520727692307]
[61.6777312, 39.970660384210525]
[62.13819696666667, 40.44837866]
[62.34135859285715, 40.227558349999995]
[62.35165132083332, 40.20759580416667]
[62.45241233170732, 40.23793161219513]
[64.1071612105263, 39.2620766368421]
[64.63844919999998, 38.740292]
[64.6187932375, 38.7866528625]
[64.77827124545455, 38.66736174545454]
[-96.64820729166667, 47.75861290833333]
[46.90377527692307, 24.603873096153844]
[-103.73402886923078, 32.83248100769231]
[-101.88158838235294, 31.555758964705888]
[-101.83737250833333, 31.466061991666667]
[-101.65694463478259, 31.4828044]
[-101.78932416551724, 31.33009564482759]
[-101.88197111428569, 31.670858085714286]
[-101.91649324999999, 31.5680017]
[-101.69314907692306, 31.268974376923076]
[-101.61273183076922, 31.30939157692307]
[-101.30069786363637, 31.159856745454544]
[3.614168321428572, 50.36478895714287]
[86.79884579230769, 25.959642100000003]
[34.74740705625, 31.316857693750002]
[53.841189899999996, 39.36089520333334]
[53.805941942105264, 39.34646515263158]
[53.59789019, 39.44400138]
[53.66226220416666, 39.46905251666666]
[53.776887906249996, 39.355149787500004]
[53.608167553846165, 39.43466246923078]
[53.74276868333334, 39.46896212777777]
[53.634292055555555, 39.455376211111115]
[53.88841837, 39.34341725]
[53.6176409875, 39.452311075000004]
[53.71802823333333, 39.47998752857142]
[53.68806345, 39.47989715]
[54.02132556666666, 39.333283511111105]
[53.709963599999995, 39.46155161111111]
[53.799147172727274, 39.44536680909091]
[53.78684012222222, 39.460226155555546]
[53.76533155833334, 39.488572866666665]
[54.24547847142856, 38.74803818285716]
[54.27894777499999, 38.59767807250003]
[54.196779212500005, 38.548782249999995]
[54.31698538125, 38.668141193749996]
[5.826798465, 31.496743325]
[-121.17717076000001, 37.876967453333336]
[-120.95638024545455, 37.95595265454545]
[57.351194580487814, 48.21872143902439]
[65.05922162142856, 46.05241374999999]
[110.85083929999999, 37.434135195]
[110.8823306818182, 37.466711054545456]
[52.40202345624999, 43.55901075]
[52.42284518499999, 43.42385251499999]
[52.485854205882355, 43.40870668235294]
[60.20732502999999, 39.694350140000005]
[60.20560795999999, 39.68093890666667]
[41.09411671, 36.16447063]
[41.083055169999994, 36.14191377]
[30.790449109523802, 30.43505850476191]
[5.968717972727273, 31.778100390909085]
[6.143666986206896, 31.729365741379304]
[5.8018828875, 31.668393793750003]
[6.209045290000001, 31.78290657]
[9.79640142, 28.08873061]
[87.82750667843138, 44.01230716274509]
[69.48530752916666, 41.10993848333333]
[36.20921621333333, 31.92188073333333]
[36.227879357142854, 31.907529652380948]
[36.253390090909086, 31.894039572727273]
[59.98876014166667, 36.23581035]
[69.35308350000001, 28.145029814285717]
[69.83547677826085, 27.884125047826092]
[71.58162615185185, 25.9213027]
[-104.61390125999999, 36.245588639999994]
[108.40031885555555, 39.213148877777776]
[108.61766369999998, 39.080045858333335]
[109.05230825833333, 39.079187341666675]
[109.11098134130434, 39.30052427826087]
[110.03437760909091, 38.37697156363637]
[111.09593743333335, 37.801642324999996]
[60.931418175384614, 40.07908494923076]
[62.8832124111111, 38.66121643333333]
[63.10018070833333, 38.679200458333334]
[63.16899906000001, 38.00223220499999]
[63.22639596470588, 37.92437558823529]
[42.14401055, 36.95413934285714]
[44.40304229729729, 35.29403062972972]
[49.12996161351351, 31.34832183243244]
[49.2242820969697, 31.3361316]
[49.28200159411764, 31.216759961764705]
[49.32735555454545, 31.146054445454546]
[49.701502156249994, 30.80746411875]
[49.58588464499999, 30.976362769999998]
[49.85245157866664, 30.451910059999992]
[49.97540672758621, 30.788872789655173]
[50.41426681666667, 30.206071770833336]
[50.61690126315789, 30.07794198947369]
[50.36034373809524, 30.197483209523813]
[50.42817960000001, 29.896714573333337]
[52.04926135294117, 28.63366791764706]
[55.62021553103449, 25.027577468965518]
[-73.50857005789473, 9.724844799999998]
[46.01446854411765, 15.596835205882352]
[24.157773140000003, -19.11470692]
[-112.28692518, 33.08366812999999]
[-71.63417262962963, -16.27125564444444]
[69.81164565499998, 27.960384170000005]
[47.77097042857144, 30.263764678571423]
[49.59380125, 30.9642032125]
[49.13800265384615, 31.299506246153843]
[61.57303622727273, 36.20037628636364]
[61.46725159545454, 36.45860221818182]
[61.479199175, 36.440277225]
[64.78357772500001, 38.65714064499999]
[6.962049611111111, 29.64774551111111]
[54.223466411904774, 38.479865473809525]
[54.20639899285715, 38.504304649999995]
[54.32894092711865, 38.625122738983045]
[54.33764205882354, 38.66576692647059]
[54.30161107446807, 38.83100059361702]
[49.84682933043479, 30.746099017391302]
[49.89530511249999, 30.754698124999994]
[49.60733314117646, 30.96211002352941]
[49.973038665000004, 31.004965544999994]
[61.68485441333333, 39.96994882666666]
[62.3606998125, 40.209776018750006]
[62.52835132499999, 40.07639811666667]
[3.608397414285714, 32.19469340714286]
[10.065728315789473, 36.73027886842105]
[-112.4655612181818, 33.67660430909091]
[53.328145610810836, 29.05894285135135]
[31.36161856923077, 29.786594107692313]
[6.977307425, 29.646917108333337]
[6.964651218181819, 29.625880927272725]
[94.14622155384615, 37.353031807692304]
[-8.081334299999998, 31.905847346153852]
[-4.919601, 34.0022483]
[-103.1859725375, 31.3390214375]
[-102.97668929999999, 30.99427862727273]
[-103.0568082611111, 31.46220613888889]
[-101.74000051304347, 32.091236456521735]
[-101.70090420000001, 31.97598005714286]
[-101.7753943862069, 31.859819417241386]
[-102.5001654818182, 32.02111912727273]
[-101.526239495, 32.528991375]
[-101.33319992352939, 32.37571020588236]
[-101.4564391, 32.32836233333333]
[-101.93365149310347, 32.409774075862074]
[53.92239826666666, 37.896035986666675]
[53.92336223703705, 37.91793613333333]
[54.09841022272728, 38.220291022727274]
[54.11890764179104, 38.29721115074628]
[54.3351588980198, 38.44278082970298]
[54.36315025810812, 38.61113075135136]
[54.377640759322006, 38.65116828135593]
[54.33794883272727, 38.83370880363636]
[48.835986107142844, 29.61105873333333]
[48.87034480000001, 29.610071229787238]
[50.01995081666666, 30.780228238095248]
[50.70567162083333, 30.840461245833335]
[49.894563371186436, 30.46237275084746]
[62.5246984, 40.06857617368422]
[10.084786766666666, 36.72068672592593]
[72.21909220714285, 49.9007154]
[23.084469344827582, 40.873201027586205]
[99.068384196875, 40.347028625000014]
[44.215764825, 35.40716933928571]
[58.708391025, 44.043122725]
[-4.944081196666668, 33.982581200000006]
[-101.83429081333335, 31.49163730666667]
[-101.04303314999999, 31.604386903846148]
[-101.82045239090911, 31.57900247272728]
[-101.9927673, 31.685244427777775]
[84.30835285454545, 41.84080219090909]
[51.30736691818183, 35.46695750909092]
[50.78235754871795, 35.80063401282051]
[58.45025244705883, 40.24340840588235]
[19.515772611764707, 28.47613340882353]
[19.80437225909091, 28.79996220454545]
[19.88255231818182, 29.709434018181813]
[109.70220104, 39.11535424]
[109.15576375454545, 39.31917450909091]
[114.66334542777776, 42.11469534444445]
[61.66724272, 38.4097796]
[34.753253006250006, 31.298218443750006]
[35.24053847142858, 31.609663242857145]
[38.86561122941176, 34.86315404705883]
[7.665689273913043, 28.647093352173908]
[7.609559573333334, 28.636023953333336]
[80.13803022236841, 38.92373426249999]
[51.592394057812484, 35.253332346874984]
[58.468427049999995, 40.24112906538463]
[19.902456381081084, 28.024744229729734]
[19.90735698, 28.197448200000004]
[20.958396416666666, 28.893801299999993]
[-116.74400101372547, 32.41078521372549]
[61.0326933, 37.475218350000006]
[61.66837975254237, 38.409966698305084]
[63.05004409200001, 38.627735380000004]
[63.04598007083333, 38.60859727083332]
[52.36149157878788, 45.310301621212126]
[71.82958815945945, 51.31588784324325]
[48.419400922222216, 46.85013245555555]
[52.369305292307686, 45.35153152820513]
[61.28578271052631, 40.79391206315789]
[64.66563827142856, 39.22644218571428]
[65.32159082631578, 39.224006226315794]
[64.63315336666668, 38.80295601333333]
[64.7746234818182, 38.748598018181816]
[65.99868466666668, 38.488967233333334]
[66.03212231250001, 38.522992312499994]
[-0.44588967500000004, 35.674306]
[3.1626617823529415, 32.56252526470588]
[54.083012056250006, 47.00279724375]
[54.19274851428571, 38.88369528888888]
[54.30597354888887, 38.70184771555556]
[54.26411018472222, 38.69080575277777]
[54.083494476470605, 38.33877945294118]
[54.099442499999995, 38.22563360588236]
[54.71462420309278, 38.093182206185574]
[46.86333475820895, 24.60719155373134]
[10.057188153571428, 36.73164972857143]
[61.02607527692308, 37.47136363076923]
[61.023733542857144, 37.444666135714286]
[40.3855083826087, 35.35177488695651]
[40.4169225, 35.36941316666667]
[40.467238497058815, 35.30914030882354]
[40.42785753333333, 35.30003752222222]
[40.4455930375, 35.38780388125]
[-101.44183324857143, 35.62949628571429]
[-121.89025543529415, 38.167008682352936]
[3.449657361538461, 36.716867953846155]
[93.52590478666664, 42.69867976666667]
[46.94092678082194, 24.64823703013698]
[10.066928959523809, 36.72569163095238]
[9.919614726666667, 36.67483796]
[-102.32783686666666, 32.39954541666667]
[-102.09652168399997, 31.627058064000003]
[-101.77441544285715, 31.84859412857143]
[47.7274369125, 30.280719125]
[-96.69260614210525, 32.54470041052631]
[-96.71482054666669, 32.683030593333335]
[58.20389910454546, 43.18894012727274]
[29.428991529032267, 30.723305477419352]
[-97.69344858749997, 38.00721396750001]
[-121.82895127058822, 38.3171433117647]
[-121.66598886249999, 37.739439219999994]
[11.6388961627907, 45.20473136279069]
[12.01446268636364, 45.21767846136363]
[34.753141164999995, 31.29918091]
[10.347074679999999, 31.936195659999996]
[-89.15185311538461, 36.40262333846154]
[53.59825768333336, 39.60017638555555]
[53.74465895892856, 39.38641046607143]
[53.65179841269845, 39.499834964285704]
[53.50221325357143, 39.48555186785715]
[53.98131738846151, 39.10941157980769]
[54.15319467692307, 38.50923838461539]
[54.166420959999996, 38.520769175]
[54.17447404827587, 38.571367875862066]
[54.29912696, 38.689831831999996]
[54.268690197435895, 38.73783110256411]
[54.18849969454545, 38.876791643636366]
[47.36165586111111, 25.119471338888886]
[48.40130816086957, 23.779919960869567]
[-101.93400675517239, 32.31329408275861]
[-101.85181465384615, 32.3975271]
[-101.9197828, 32.4888752]
[-101.2066413846154, 31.098129446153848]
[58.378501264444466, 40.22988305111112]
[40.829471091666676, 36.13192765833333]
[47.76115348275863, 30.25118381034483]
[47.83243694242423, 30.19847846969698]
[-96.96259017173915, 33.01818294565218]
[-96.77037038372093, 32.67385132093023]
[-96.75620314864864, 32.54834101621622]
[65.30936334545454, 39.1722787909091]
[65.31867988750001, 39.225759562499995]
[29.432261944736847, 30.712810652631585]
[31.161103775000008, 29.86631038333333]
[31.349168077777783, 29.783966361111116]
[-0.4394526588235294, 35.67723643529412]
[-0.30080059411764704, 35.81611174705883]
[4.010540285714286, 32.42262471714286]
[6.944523757894737, 29.640845499999998]
[6.949879508333333, 29.621296608333335]
[47.381543387499995, 25.149725284375]
[49.1222153551282, 24.068849492307695]
[20.7075705195122, 29.064635395121947]
[20.81203261764706, 28.835771780392164]
[69.81117960952382, 27.992920695238094]
[144.39823212000005, -21.713880446666668]
[-64.17570262857143, -39.21434722857142]
[151.440516748, -33.12038494]
[7.68573421, 28.654821340000005]
[47.42075227692308, 31.737880384615387]
[51.332220099999994, 35.4666202263158]
[-100.31567355217389, 25.886139660869564]
[6.21088887, 31.783231869999998]
[6.013958361538463, 31.78770321923077]
[5.912940657894738, 31.772019078947366]
[5.901043662500001, 31.7872444125]
[5.891893475, 31.7941578625]
[5.958316975, 31.634809287499998]
[34.74825121818182, 31.319568854545455]
[35.20579687894737, 31.128132231578956]
[35.22953460555555, 31.624303527777784]
[36.20110985, 31.9178320625]
[41.141898231999996, 36.146837242]
[41.10114022941177, 36.17038097647059]
[-101.22846042222221, 31.1238229]
[80.04741578181817, 38.74583756363637]
[32.726964970588234, 16.072181752941177]
[57.76789838571428, 39.54757941071428]
[45.13815396666668, 45.002754857142854]
[71.56485344545455, 25.90860587272728]
[5.9876556107142855, 31.77229426785715]
[6.011664307692309, 31.561321138461544]
[6.210532542857143, 31.782093214285716]
[35.183172693103444, 31.128198162068966]
[36.22815969183673, 31.92164612653061]
[7.880990049999999, 27.883045119230772]
[8.944419989473685, 28.66377104736842]
[56.03376131666667, 21.9417026]
[30.938155812500007, 12.5595775625]
[46.78177570943397, 30.373454945283026]
[6.509816718181819, 36.23998390909091]
[71.6410852452381, 25.906474507142857]
[46.95465873809524, 24.67488629238094]
[60.017105696153834, 36.234552126923084]
[61.02381101428572, 37.46732368571429]
[62.61345031744187, 38.59983486860464]
[62.752197664705875, 38.55677820588235]
[62.82453078888889, 38.55080181851852]
[62.81418532857143, 38.84327745238096]
[65.90096012857143, 39.91194028571429]
[28.626076342857147, 29.59891015]
[40.62391179705882, 35.07103643823529]
[40.70292161578948, 35.032662994736846]
[40.48745145714286, 35.17499698571428]
[-104.48789890769233, 32.08666102307692]
[-104.15936237297298, 32.57079237567567]
[-104.19723622499998, 32.63362417916666]
[-104.27006857777776, 32.74582112777777]
[-104.20010945217392, 32.749530313043486]
[-104.21787495, 32.752858843750005]
[-103.93191130555556, 32.65315961666666]
[-103.97290315384615, 32.258381892307696]
[57.890036250000016, 23.59380117857143]
[41.787555129032256, 45.2823361032258]
[69.10696653076923, 28.92073216923077]
[46.91719169368422, 30.283796286315795]
[48.889895723529406, 31.4878842]
[48.72743116, 32.04981145666667]
[49.092669955000005, 32.064704775]
[21.970639088888888, 28.825931858333327]
[3.1027319130434785, 32.99353496086956]
[3.5270877826086955, 33.055443734782614]
[3.504985927272727, 33.01232018636364]
[3.455449108571429, 32.98684089428572]
[3.2990361454545454, 33.49056927272728]
[6.759792727586208, 31.19487407241379]
[45.85205178863635, 15.552938302272723]
[46.13794575949367, 15.560891613924055]
[46.1636383, 15.5868278375]
[79.12391985833334, 43.761771833333334]
[-1.2847992285714287, 37.978829704761914]
[-103.94566936428573, 31.808081607142856]
[-104.06225620588235, 32.048744005882355]
[-103.68838863333332, 31.913132733333327]
[-103.75565560714286, 31.983610021428568]
[-103.58158716521737, 32.094041917391316]
[-103.52798250952381, 32.06986372857143]
[-103.47183076875, 32.05653064375]
[-103.46501898750002, 32.0448726375]
[-103.61974890476192, 32.31727668571428]
[-103.68831032, 32.232905300000006]
[-103.45310580000002, 32.361899235294125]
[-103.24559022352942, 32.3388065]
[-120.95634739595967, 37.41451980000001]
[58.45203862941176, 23.335354482352944]
[53.59269430588237, 39.46674004705882]
[53.621593488571435, 39.50421241428572]
[53.64227490833334, 39.49084725]
[53.66540786410256, 39.51534387948717]
[53.71560110714285, 39.46316540714286]
[53.717028921621626, 39.49620077567568]
[53.75369166666667, 39.474890546666664]
[53.720538984244364, 39.57870814276528]
[54.0192488875, 39.355387021875]
[2.8178939153846154, 36.66220673076923]
[-108.56273616792453, 41.08814346603773]
[106.69913529999997, 39.38779509285714]
[47.37679320833334, 30.247642941666665]
[47.753653843333346, 30.226681136666674]
[49.00762602258063, 31.197479080645152]
[49.15357325652174, 31.25529071956521]
[49.22152165000001, 31.193968077272725]
[124.00438161714288, 44.657497340000006]
[69.47771833636364, 41.09053314545454]
[45.168072302, 44.88685549600001]
[45.626343978571434, 44.69528320714286]
[62.790820410526315, 38.5717290368421]
[63.248337527272724, 37.8745685]
[63.22433301290322, 37.898388554838704]
[94.26272648666665, 37.31713046000001]
[94.29075283913046, 37.30381197391305]
[55.18912571333335, 45.34679880666666]
[38.77470753529412, 45.18426301764707]
[36.23646966666668, 31.925159158974356]
[52.080951318000004, 28.628555607999996]
[46.03306393333333, 15.550458384313725]
[85.24811082200002, 45.72462642800002]
[86.51504416956523, 44.93703134782608]
[113.067997571875, 41.359918978125]
[51.26437166461538, 35.48138696000001]
[23.667294513793106, 38.0955868862069]
[53.889236009523806, 37.70629331904762]
[53.897337532653054, 37.65154995918367]
[13.359384187499998, 32.5998815]
[61.701872776785706, 36.568689494642854]
[61.6759125, 36.405808472727266]
[61.677859625, 36.4404805625]
[61.68974356666667, 36.43706899166666]
[61.722051580000006, 36.435153129999996]
[-109.52810486666665, 40.01297950833334]
[-108.76025842812501, 40.063695190625]
[111.07532564230772, 39.05407779615385]
[61.24463843749999, 40.78387600416667]
[64.61620586086957, 38.720689113043484]
[42.81948346842105, 36.97551066315789]
[28.695878361538462, 29.630973353846155]
[28.610399447058825, 29.594790988235296]
[50.81894433076922, 35.77234059230769]
[51.36939247187499, 35.456853821875]
[-87.24683554516132, 33.40440040967743]
[-106.0467953294118, 28.696343605882358]
[35.91804014615384, 33.79886449230769]
[36.45659174000001, 33.3160554325]
[13.332950355769224, 32.654889423076916]
[-103.08223294166666, 31.335624958333337]
[-103.24003121428572, 31.358687057142856]
[-103.01202541538461, 31.32945415384615]
[-103.02908209333333, 31.153537253333333]
[96.04101964651164, 27.41050112093023]
[47.64442573414634, 29.028186790243897]
[77.13336961351351, 28.74588417027027]
[77.29743283999998, 28.634046100000003]
[77.153642084, 28.413766468]
[1.0934455571428574, 22.965237492857145]
[-70.76206743, -32.949787747500004]
[106.65990305833333, -6.545853505555558]
[34.232505450000005, 14.670686120588238]
[-59.01771521407408, -34.47619840370371]
[69.80405194545455, 27.957111059090906]
[47.5608660962963, 29.019197577777778]
[47.9564898445946, 29.116082431081075]
[47.92097824210527, 29.634652647368423]
[55.45098289655173, 25.28663372413793]
[-8.075060200000001, 31.907377442105265]
[148.58119453529412, -22.997489400000006]
[49.952398977142856, 30.573596331428565]
[49.82745132115383, 30.804666934615383]
[49.996742289189186, 30.98306228378378]
[53.189567412, 28.056109892000006]
[31.35002015, 29.78559304285714]
[38.612805, 35.34829785405405]
[7.181816361643834, 28.76819400000001]
[151.23603725111116, -32.72749651333333]
[55.54587066249999, 23.977748993749998]
[-102.9060511818182, 30.99903548636364]
[-101.66748402444442, 31.919599339259264]
[-101.85096704999998, 31.870922485714278]
[-101.72418146666668, 31.943979711111112]
[-101.82136623846154, 31.86834986923077]
[-101.2714590076923, 32.56507695384615]
[50.870924933802826, 35.75330489014084]
[53.88384810952382, 37.76232401428571]
[53.90641062272727, 37.731912050000005]
[53.91356960384615, 37.711426653846154]
[53.98902508333333, 37.57406281250001]
[53.95727367272727, 38.33517858484847]
[54.16950136190475, 38.554241709523815]
[54.18285061052631, 38.494161263157885]
[54.16770199374999, 38.501370793750006]
[54.04745816944445, 38.482776738888894]
[54.02263898, 38.362807800000006]
[54.06566813888888, 38.226647211111114]
[53.86826538541667, 37.925011525]
[53.86409355116279, 37.90799660930233]
[38.60253275294117, 35.38006112352941]
[7.495989827272727, 28.49936822727273]
[7.664880129032258, 28.63163479032258]
[7.089624416417909, 28.641684761194032]
[-106.87151732857144, 32.101971635714285]
[55.451313233333344, 23.18658712]
[55.59013451891891, 22.885244578378376]
[47.047884010000004, 36.38608107]
[-101.20744982058825, 31.131063308823535]
[-101.264639415625, 31.026441340625]
[-101.37476281851853, 31.151878425925926]
[-101.31797858695653, 31.163877378260864]
[-101.19471607272727, 31.084930036363634]
[-101.55150126153846, 31.153312015384607]
[-101.50987450000001, 31.36782754615384]
[-101.39905884666663, 31.340896653333328]
[19.792104735135137, 28.869615781081073]
[21.113053166666663, 29.667085122222222]
[71.57480687200001, 25.896441143999997]
[19.708185423529418, 29.7040668]
[-101.28244270833333, 32.54758995]
[-101.24794880937499, 32.56426360000001]
[67.030377808, 25.021950211999997]
[113.17284161, 36.78863450499999]
[113.15273540217393, 36.741776180434776]
[46.174290665116274, 15.765553348837214]
[6.550411304347825, 5.637291339130435]
[67.44396025, 26.263386150000002]
[67.48504149473686, 26.16296612631579]
[-103.86414728333335, 32.05235091666666]
[-103.67891420000001, 31.975670205714284]
[-104.34498101499999, 31.695932425000002]
[-103.84398528000001, 31.897534509999996]
[-103.94151812727272, 31.683160409090906]
[-104.01402940555559, 31.657530333333334]
[-104.47591583529413, 32.08322360588235]
[-103.63256882, 31.849980710000004]
[-103.56225110909091, 31.76705856363636]
[95.22167978556699, 27.43308092061856]
[49.8760949, 31.13185780909091]
[51.55139619615386, 30.071996092307693]
[52.705780689473684, 29.423695642105265]
[28.624972976744186, 29.510151546511622]
[28.546272924324327, 29.50363214864865]
[-58.70390517121214, -34.559768107575756]
[-70.7904875142857, -32.97025572857143]
[-70.77582241923078, -32.93656978846153]
[-58.77983772977098, -34.556106888549586]
[-58.78405528021982, -34.49239577032968]
[-71.64350707999999, -35.32547109000001]
[68.70000315, 25.785311364285715]
[7.190790619230768, 28.6847359]
[-101.70178309171602, 31.550826207692296]
[-101.8148892142857, 31.56155948571429]
[-101.43863348461538, 31.377837976923082]
[-101.32039899090908, 32.341479981818175]
[-101.54475672999999, 32.268069080000004]
[-99.38402641481483, 28.0268719037037]
[-99.29152920909091, 27.86569556363636]
[-99.17618566666667, 28.17215005277778]
[104.86964407999997, 11.471020926666666]
[50.77636517777777, 30.251672022222223]
[50.79311938260869, 30.277586556521733]
[50.44681432, 30.515275350000003]
[50.49182865833333, 30.521402566666666]
[-77.11738051333334, -11.920365833333332]
[-87.23178831333333, 33.41587591333333]
[-112.28741319999999, 33.08285478999999]
[-109.12288395555555, 35.61579758888888]
[110.58253361666668, 35.80984153333333]
[110.60363550000002, 35.81378175500001]
[111.7206856955555, 37.03859163111111]
[113.01138201818183, 37.89803237272727]
[113.0262991153846, 37.94498287692307]
[113.27845344999999, 37.96658644444444]
[113.44588279999998, 37.97940422142857]
[7.241510218749999, 28.61650584375]
[-72.16387078965518, -36.68248464137931]
[-80.27986130666666, 34.18902719333333]
[42.59862217, 33.613049735]
[-101.77682966666667, 31.877474471428574]
[53.90995702777778, 37.76532781111111]
[53.89339702727273, 37.75941801818181]
[53.92821822, 37.76232144]
[58.48088552978722, 40.25265349787234]
[-66.92359573513512, 10.300628635135135]
[-87.27026874666669, 33.408103923333336]
[-87.20746864313722, 33.3792231254902]
[-87.15681045428575, 33.41614186714284]
[7.077223807407408, 28.556291677777775]
[7.214818822499997, 28.588587645000008]
[7.459819057777778, 28.613768331111103]
[7.398355644827584, 28.660142710344832]
[79.15711742985074, 38.55194713208956]
[80.05852894210527, 38.740506036842106]
[-103.588071875, 32.57968333125]
[-103.27279754444446, 32.427530633333326]
[-103.25226500666666, 32.37739221333333]
[-102.5143949888889, 32.013746955555554]
[-101.72175077413794, 31.325954099999997]
[47.923101510000016, 29.1959694075]
[63.57904734444443, 40.25730798888888]
[65.30969767826089, 39.209217039130436]
[51.20262448571429, 31.631313814285708]
[51.20086751818181, 31.634211572727267]
[53.30914986330275, 30.290615481651383]
[-64.88896303714287, 10.016415057142856]
[-64.54261073333333, 9.379105939999999]
[46.90563588108109, 24.65175019999999]
[110.60060803333333, 36.51275561666666]
[112.518686043956, 35.71933885274726]
[112.478770937037, 35.616841900000004]
[112.62512351666668, 35.56289980555556]
[47.357266378571424, 30.270697478571428]
[6.955649415384614, 29.618418584615387]
[-87.44660275999999, 35.847264620000004]
[69.81487193599999, 27.964559364000003]
[69.67059639230769, 27.976872215384617]
[71.58655918484851, 25.837729524242413]
[20.766290846153844, 29.06644674615385]
[-101.52063695588237, 32.54273379117647]
[110.0502077413793, 38.411072717241375]
[109.55672004545453, 38.41083647272727]
[109.76876684999999, 38.06595808749999]
[109.95404093076925, 38.24634945576923]
[110.59858109523809, 38.15877344285714]
[110.93124488297873, 37.320410002127666]
[110.80468325972222, 37.4872830236111]
[111.10614947499998, 37.81214055000001]
[110.82993623499999, 37.589837255000006]
[110.89718264117647, 37.64812408235294]
[111.15010183720933, 37.445610983720925]
[111.18887608666667, 37.41614212000001]
[111.70376366136367, 36.94084408863637]
[112.2830651772727, 36.83550310454546]
[112.25560495476189, 36.77436345714286]
[111.9941585142857, 36.34867218095238]
[112.85655197199998, 36.317694704]
[112.86006435882352, 36.36958762941177]
[112.93520584782608, 36.398283652173916]
[112.93594165263158, 36.36124681578947]
[112.96997665522386, 36.208660974626866]
[112.92004376666665, 36.254029380000006]
[112.82892078181817, 36.00194384090909]
[150.59971319642858, -34.25706387142857]
[150.72345663181818, -34.19069673636364]
[-101.48019852999998, 37.207812772000004]
[-101.5647013117647, 37.06535170588236]
[30.792452242105266, 30.460301547368424]
[31.578189013333336, 30.28665204333334]
[33.32174541904761, 28.082569795238093]
[39.4062140142857, 21.632972180952375]
[6.040106135135135, 31.805233340540546]
[5.9523524, 31.840699475000005]
[9.2546840125, 28.7495900375]
[9.269206806666666, 28.77635372666667]
[9.779309038888888, 28.08741117777778]
[9.533014983333336, 28.439109205555557]
[9.75553740625, 28.690215587499996]
[-102.20608348421055, 21.979242668421055]
[-100.49813350000001, 20.68259349444444]
[36.141690197297315, 31.943224170270277]
[-71.6433203, -35.31984391666666]
[94.68090454615383, 26.79726622307692]
[69.77420449999998, 27.962588620689647]
[71.56531469999999, 25.89658522142857]
[-68.10023444, -38.181698966666666]
[34.22813698648649, 14.668809864864864]
[-43.74940337142857, -22.77171410952381]
[-77.12128458333333, -11.925854438888887]
[105.44316340833332, 26.635990266666667]
[-99.15520892307694, 28.177748500000003]
[51.36339847894736, 35.43658341578947]
[53.96331717065219, 37.95809211956523]
[53.92497122352942, 37.93203062941176]
[-99.50605091052633, 27.97876014210526]
[110.38621531111113, 39.35611752777778]
[50.41625050000001, 30.173795379999998]
[50.815331505882355, 30.281544447058824]
[50.704115073684214, 30.3038817368421]
[6.009829057142858, 31.77992427142857]
[113.43453465714285, 37.874501578571426]
[113.46898189000001, 37.83996911]
[113.0906903611111, 37.904289933333324]
[113.24552788000001, 37.94984349333334]
[113.29770544545453, 37.96896624545454]
[113.45424025652174, 37.966797304347836]
[34.75101872285715, 31.340607471428577]
[38.603073385, 34.690031965]
[7.609329368421053, 28.648788305263157]
[-106.38796508717948, 32.00885761538463]
[-87.34626362592593, 40.951405770370364]
[6.2176246, 31.786672044444444]
[6.221546209090909, 31.79781792727272]
[6.123968985714285, 31.83290812142857]
[6.009959934482759, 31.803614220689653]
[5.998479562068967, 31.706236727586212]
[38.65362608064517, 34.70381692580645]
[40.48075301025642, 35.29790103717949]
[40.37788175833333, 35.34980240833334]
[40.42040184166667, 35.36584346666667]
[41.2092128, 36.04893700099009]
[57.740871965, 39.561882714999996]
[-100.31087703636364, 25.858104318181812]
[46.883978133898324, 24.591906169491534]
[60.00098547777778, 36.238300622222226]
[29.459585341333327, 30.70040437866666]
[-99.30633051666665, 19.641091340000003]
[36.25464649268294, 31.884270957317067]
[-96.427737488396, 38.49672874334469]
[-80.10112339047618, 40.802195711904766]
[63.22915675, 37.90609738333333]
[63.211327075, 37.89586651250001]
[65.8595686173913, 39.917655626086955]
[39.476376827, 46.793941489999995]
[87.84446924250001, 44.01023630499999]
[-7.550559863414633, 33.43976412439023]
[112.58575848823527, 36.702024011764706]
[112.94404661304345, 36.22224669130434]
[112.99019663333333, 36.16001831111111]
[112.83202136666668, 36.00684366]
[60.17664717692308, 39.66586206153847]
[60.21452897142858, 39.69132912857144]
[60.216983543750004, 39.66818741250001]
[60.243620715625, 39.662493959375006]
[94.2855066235294, 37.30351935294119]
[50.97573664117647, 35.420122547058824]
[46.00595231176471, 15.575353229411762]
[53.899492415384614, 37.766963780769245]
[53.899406544117646, 37.73821440588235]
[53.9113986952381, 37.71331652380951]
[-92.48052618870057, 19.64041647062148]
[61.468069863333334, 36.557751883333346]
[61.46414255714286, 36.469615864285714]
[113.0167343, 37.885690742105254]
[113.04183706086957, 37.928204504347825]
[113.06860061176472, 37.873692794117645]
[113.09728152, 37.89142699]
[113.24072525238093, 37.94056358095238]
[113.27722764615386, 37.95478476923077]
[113.44159279411764, 37.95726039411764]
[113.62479867692309, 37.72179163076924]
[64.605698345, 38.75007930499999]
[64.61500805384615, 38.7918875153846]
[65.18519386071429, 38.53751641428571]
[65.25867798, 38.513925417142865]
[-77.05105851153846, -11.815340965384618]
[-77.09772497391305, -11.922272304347825]
[-76.75285264999998, -12.213569038888892]
